Enter any real rational number: Enter number of iterations: 45
735
111
581
114
686
209
466
597
453
290
38
235
335
327
107
380
496
290
33
765
674
966
86
278
687
223
941
688
235
338
407
175
263
236
384
620
904
72
490
140
859
313
709
638
275
607
657
640
301
372
305
474
778
907
116
792
148
201
207
404
122
87
364
90
530
26
140
847
118
868
467
621
935
582
137
711
673
944
737
153
391
775
845
81
13
663
766
685
173
180
436
898
978
284
864
404
107
367
162
Hello world
2.0
2.0
2.0
2.0
2.0
Enter any real rational number: 